0.0169735
0.172326
0.340706
0.506039
0.668438
0.827867
0.984336
1.13793
1.28878
1.43697
1.58258
1.72592
1.8674
2.00729
2.14585
2.28344
2.42045
2.55725
2.69412
2.8313
2.96852
3.10533
3.24132
3.3762
3.50981
3.64195
3.7724
3.90115
4.02819
4.15332
4.27632
4.39723
4.51612
4.63281
4.74713
4.8592
4.96918
5.07708
5.183
5.28685
5.38877
5.4781
5.56348
5.64754
5.73106
5.81462
5.899
5.98369
6.06904
6.15155
6.21148
6.12129
6.02869
5.93546
5.84187
5.74821
5.65486
5.56218
5.47051
5.38015
5.29151
5.20475
5.11992
5.05051
5.00832
4.98978
4.99238
5.0032
5.01452
5.02725
5.04159
5.05673
5.07259
5.09355
5.1227
5.15651
5.19344
5.23451
5.28065
5.33174
5.38781
5.4478
5.51063
5.57365
5.63453
5.6933
5.75001
5.80554
5.86068
5.91614
5.97267
6.03078
6.08001
6.03144
5.97245
5.90957
5.84294
5.77142
5.69414
5.61059
5.5204
5.42323
5.32691
5.23653
5.14855
5.06208
4.97602
4.89033
4.80505
4.72112
4.63939
4.55976
4.48233
4.40757
4.33572
4.26808
4.20622
4.15102
4.10348
4.06377
4.03238
4.00936
3.99474
3.9883
3.99022
4.00276
4.02954
4.0725
4.13399
4.20669
4.28095
4.35669
4.43375
4.51187
4.59079
4.67041
4.75053
4.83092
4.91134
4.99156
5.0714
5.15066
5.22925
5.30701
5.38387
5.45975
5.5346
5.60843
5.68127
5.75316
5.82411
5.89416
5.96336
6.03184
6.09978
6.16728
6.11831
6.10438
6.07813
6.01217
5.94316
5.87386
5.80445
5.73493
5.66523
5.59549
5.52585
5.45637
5.3871
5.32224
5.26669
5.22692
5.20246
5.13336
5.06167
4.9876
4.91039
4.82939
4.74399
4.65376
4.55821
4.45677
4.34886
4.23385
4.11105
3.97905
3.83642
3.68125
3.51155
3.32205
3.10826
2.85377
2.67278
2.43409
2.12949
1.81598
1.48922
1.14552
0.783156
0.401599
0.0210374
