5.28253
1.94921
1.18098
0.851442
0.668312
0.551813
0.471194
0.412081
0.366872
0.331175
0.302252
0.278294
0.258085
0.240782
0.22577
0.21259
0.200896
0.190427
0.180982
0.172419
0.16464
0.157563
0.151114
0.145222
0.139826
0.134874
0.130318
0.126114
0.122227
0.118629
0.115293
0.112191
0.109302
0.106611
0.104098
0.101746
0.0995395
0.0974652
0.0955123
0.0936713
0.0920229
0.0905668
0.0891979
0.0878842
0.0866124
0.0853707
0.084156
0.0829688
0.0818291
0.0808863
0.0810848
0.0823047
0.0835831
0.0849089
0.0862807
0.0876957
0.08915
0.0906397
0.0921603
0.0937061
0.095272
0.0968554
0.0983242
0.0994151
0.100019
0.100179
0.100044
0.0998231
0.0995841
0.0993163
0.0990263
0.0987233
0.0983657
0.0978833
0.0972838
0.0966189
0.0958961
0.0951008
0.0942295
0.0932875
0.0922883
0.0912539
0.0902179
0.0892206
0.0882781
0.0873872
0.0865385
0.0857176
0.0849126
0.0841127
0.0833094
0.082571
0.0825665
0.0833063
0.0841608
0.0850882
0.0861003
0.0872177
0.0884585
0.0898393
0.0913774
0.0930221
0.0946662
0.096292
0.097937
0.0996204
0.101355
0.103142
0.104974
0.106832
0.108706
0.110594
0.112487
0.114373
0.116228
0.118004
0.119657
0.121146
0.12244
0.123516
0.124351
0.124936
0.125266
0.125337
0.12511
0.124497
0.123426
0.121855
0.119894
0.117818
0.115772
0.11376
0.111787
0.109858
0.107977
0.106147
0.104368
0.102646
0.100981
0.0993744
0.0978277
0.0963399
0.0949103
0.0935376
0.0922201
0.0909558
0.0897422
0.0885762
0.0874552
0.0863762
0.0853368
0.0843347
0.0833667
0.0824293
0.0815191
0.0813962
0.0818151
0.0820849
0.082711
0.0836447
0.0846237
0.0856288
0.0866598
0.087718
0.0888042
0.0899172
0.0910563
0.0922214
0.0933765
0.0944383
0.0952962
0.0958831
0.0967509
0.0980869
0.0995097
0.101031
0.102672
0.104456
0.106408
0.108554
0.110927
0.113564
0.116513
0.119834
0.123608
0.127951
0.13302
0.139028
0.146336
0.155513
0.167728
0.180945
0.195815
0.219126
0.253456
0.302553
0.379544
0.518491
0.844056
2.36607
