1.05232
1.04783
1.04201
1.03592
1.02875
1.02056
1.01201
1.00337
0.994572
0.985978
0.979161
0.974317
0.970685
0.968683
0.969277
0.972594
0.978956
0.988086
0.999563
1.00961
1.01707
1.02184
1.02493
1.02704
1.02781
1.02729
1.02662
1.02613
1.02404
1.02014
1.01659
1.0136
1.00884
1.0021
0.995967
0.990744
0.985633
0.980586
0.97479
0.9698
0.861123
0.832893
0.829779
0.834484
0.845708
0.865411
0.881049
0.901077
0.884859
0.651831
-0.981931
-0.997731
-0.994637
-0.989252
-0.98144
-0.969985
-0.95531
-0.937911
-0.917263
-0.893328
-0.868405
-0.843371
-0.686863
-0.416945
-0.183783
0.0258902
0.109282
0.115465
0.131448
0.14987
0.160078
0.169701
0.227204
0.320249
0.377157
0.418507
0.472781
0.540091
0.608607
0.680125
0.741597
0.792005
0.809976
0.797553
0.783756
0.769067
0.765105
0.771768
0.788434
0.816168
0.852362
0.732926
-0.727302
-0.880132
-0.932943
-0.98162
-1.04539
-1.11857
-1.19511
-1.27319
-1.35131
-1.31778
-1.21681
-1.16655
-1.12981
-1.10731
-1.0859
-1.0643
-1.03192
-0.989951
-0.950527
-0.911458
-0.868408
-0.823673
-0.765618
-0.69166
-0.610484
-0.520669
-0.431156
-0.338413
-0.246857
-0.156218
-0.0686391
0.0205247
0.133842
0.287291
0.464907
0.673847
0.808783
0.838953
0.867686
0.894237
0.917274
0.937208
0.955318
0.97092
0.983531
0.993149
0.999945
1.00448
1.00733
1.00907
1.0092
1.00831
1.00645
1.00368
1.00078
0.998141
0.99579
0.993705
0.991381
0.989523
0.989004
0.990226
0.992496
-0.719272
-0.202883
-0.380071
-0.944352
-0.973439
-0.962058
-0.948452
-0.934333
-0.920955
-0.905812
-0.888458
-0.870188
-0.85092
-0.781396
-0.656595
-0.461834
-0.279619
-0.774601
-0.783677
-0.788437
-0.798983
-0.813795
-0.831859
-0.850934
-0.870831
-0.891379
-0.912221
-0.932761
-0.95273
-0.976591
-1.00278
-1.03226
-1.06259
-1.10896
-1.15903
-1.26058
-0.819368
-0.988241
-1.14669
-1.07731
-1.03699
-1.01679
-1.00678
-1.00204
-1.00023
