0.000192028
0.029702
0.116079
0.256074
0.446809
0.685362
0.968915
1.29488
1.66095
2.06488
2.50455
2.9788
3.48719
4.02922
4.60466
5.21411
5.85856
6.53948
7.25827
8.01628
8.8121
9.64311
10.5062
11.3987
12.3188
13.2637
14.231
15.2189
16.2263
17.2501
18.2869
19.3356
20.3953
21.4629
22.5352
23.6118
24.6926
25.7768
26.8634
27.9508
29.0388
30.0095
30.9523
31.8948
32.8451
33.8099
34.7982
35.8046
36.8332
37.8416
38.5825
37.4702
36.3451
35.2297
34.1274
33.0419
31.9774
30.938
29.9264
28.946
28.0001
27.0894
26.2137
25.5077
25.0833
24.8979
24.9238
25.032
25.1454
25.2732
25.4177
25.5705
25.7311
25.9443
26.2421
26.5896
26.9718
27.4001
27.8853
28.4275
29.0285
29.6785
30.3671
31.0655
31.7479
32.4137
33.0627
33.7043
34.3476
35.0007
35.6728
36.3703
36.9665
36.3783
35.6702
34.9231
34.1401
33.3093
32.4231
31.4786
30.4747
29.4113
28.376
27.4214
26.5077
25.6246
24.7608
23.9154
23.0885
22.289
21.524
20.7914
20.0913
19.4267
18.7985
18.2165
17.6923
17.231
16.8385
16.5142
16.2601
16.075
15.9579
15.9065
15.9219
16.0221
16.2372
16.5852
17.0899
17.6962
18.3266
18.9808
19.6582
20.3569
21.0754
21.8128
22.5675
23.3378
24.1212
24.9157
25.719
26.5293
27.3451
28.1644
28.9861
29.8089
30.6318
31.4545
32.2769
33.0988
33.9203
34.7411
35.5616
36.3831
37.2073
38.0354
37.4337
37.2635
36.9437
36.1461
35.321
34.5023
33.6917
32.8894
32.0949
31.3096
30.5351
29.772
29.0209
28.3262
27.738
27.3206
27.0655
26.3514
25.6205
24.8761
24.1119
23.323
22.5055
21.6575
20.7773
19.8628
18.9126
17.9255
16.9007
15.8329
14.7181
13.5516
12.331
11.036
9.6613
8.144
7.14376
5.92481
4.53472
3.29777
2.21779
1.31221
0.613336
0.16128
0.000297341
