0
0.014021
0.0552338
0.122406
0.214465
0.330405
0.469323
0.630371
0.812794
1.01587
1.23883
1.48101
1.74191
2.02111
2.31813
2.63252
2.96382
3.3116
3.67533
4.0545
4.44863
4.85716
5.27948
5.7149
6.16279
6.62249
7.09329
7.57445
8.0653
8.56519
9.07338
9.58916
10.1119
10.641
11.176
11.7165
12.262
12.8119
13.366
13.9238
14.4847
15.0484
15.6143
16.1822
16.7516
17.322
17.893
18.4642
19.0349
19.6047
20.1731
20.7395
21.3033
21.864
22.4211
22.9742
23.5229
24.0669
24.6062
25.1406
25.67
26.1944
26.7135
27.2274
27.7364
28.2407
28.7404
29.2356
29.7263
30.2127
30.6946
31.1721
31.6453
32.1143
32.5792
33.0399
33.4966
33.9495
34.3987
34.8442
35.286
35.7243
36.1589
36.5901
37.0179
37.4426
37.8646
38.2839
38.7006
39.1149
39.5266
39.9357
40.3424
40.7468
41.149
41.5495
41.9483
42.3456
42.7418
43.1369
43.5312
43.9246
44.3175
44.7098
45.1014
45.4922
45.8822
46.2715
46.6599
47.0474
47.4338
47.8191
48.2032
48.5858
48.9672
49.3473
49.7262
50.104
50.4809
50.857
51.2325
51.6074
51.982
52.3565
52.7309
53.1052
53.4796
53.8539
54.2284
54.6032
54.9789
55.3559
55.7346
56.1155
56.4988
56.8847
57.2734
57.6649
58.0593
58.4566
58.8564
59.2586
59.6628
60.0688
60.4762
60.885
61.2949
61.706
62.1179
62.5306
62.944
63.3579
63.7725
64.1878
64.604
65.0212
65.4395
65.8589
66.2797
66.7019
67.1258
67.5513
67.9786
68.4079
68.8393
69.2728
69.7086
70.1471
70.5884
71.0329
71.4809
71.9327
72.3889
72.8499
73.3161
73.7882
74.2664
74.7512
75.2426
75.7408
76.2462
76.7592
77.28
77.8091
78.3469
78.8937
79.4495
80.0145
80.5889
81.1727
81.7658
82.3676
82.978
83.5947
84.2008
84.7749
85.2956
85.7409
86.088
86.3136
86.394
